code,ARTHAUD,ASSELINEAU,CHEMINADE,DUPONT-AIGNAN,FILLON,HAMON,LASSALLE,LE PEN,MACRON,MÉLENCHON,POUTOU
01001,0.006179688703960549,0.009585452303898906,0.0018338727076591154,0.06327631376175065,0.20742795500077055,0.057204499922946524,0.011280628756356912,0.2542764678687009,0.22196024040684234,0.15751271382339344,0.009462166743720142
01002,0.005109957729145486,0.010540959922949329,0.001725613997538659,0.06028947509230028,0.21020386323505805,0.04849109101610573,0.007999357911070683,0.25842741719728185,0.23269035261383703,0.15665632190058323,0.007865589384129701
01003,0.004734881453887129,0.0141350137520454,0.0018452111548236604,0.051857396511506455,0.24175747658670751,0.05636597848414163,0.010688298576054033,0.18626188072276573,0.25328134247815337,0.16876719005674895,0.010305330223166103
01004,0.00581436175442046,0.008005280676375995,0.001910031880679185,0.06766568824347288,0.22118450065306236,0.04664129320393803,0.009817002092608457,0.2728536718958471,0.22038397258542478,0.136777944749519,0.008946252264651771
01005,0.006486618089490983,0.014260125558666504,0.0018259916873902232,0.058744761142896895,0.19117263447124497,0.048953967619080746,0.014294906352712033,0.2696902770290246,0.20263290610924647,0.180338417126063,0.011599394814183608
02001,0.010789898667234557,0.007471294965305506,0.0017214147544765657,0.05073736889740723,0.155477470762569,0.04583932279188628,0.00826988943903175,0.3580365223872651,0.1858063142203056,0.16472342011393282,0.011127083000585635
02002,0.008546552949538024,0.00609452736318408,0.0016346837242359631,0.049271499644633975,0.17455579246624023,0.042608386638237385,0.0070895522388059705,0.3261549395877754,0.19402985074626866,0.1791044776119403,0.010909737029140014
02003,0.010386182360704654,0.006771102312503587,0.0018936133585815114,0.05020944511390371,0.1654712036877642,0.040320575352422484,0.008473441594460703,0.3997819475526482,0.15257933092327997,0.15277060499990436,0.01134255274382663
02004,0.009006416225092689,0.008515464964702298,0.0018452995649156072,0.048942761854780005,0.1521948907210212,0.04245881934686553,0.007296551490629603,0.3550762667388986,0.18192283600534967,0.18207520018960877,0.010665492898136078
02005,0.009342883836810962,0.008564310183743382,0.002164434755527873,0.05456244160697602,0.1675334786670819,0.04101526004360012,0.008190594830270943,0.34850513858611026,0.18031765805045158,0.16902834008097167,0.01077545935845531
03001,0.008611940731290051,0.006857656508249485,0.0019427610403920318,0.05110621393568591,0.18736045466407633,0.05725345782468756,0.013106387914286543,0.22208368370690404,0.23597297532403513,0.20359845738974106,0.01210601096065184
03002,0.008650956824292266,0.007781116558595603,0.0018029416416258106,0.04841056460540882,0.17290842954293847,0.057077336707259216,0.01586272339079551,0.21723865253835206,0.23382887869682112,0.22377036216985607,0.012668037324055036
03003,0.006634867715261846,0.00854940665797422,0.0017659971281915859,0.05335952070507848,0.20866824010959084,0.05085081450428296,0.017841522388552376,0.23134562379309775,0.24233771806763604,0.1672250738582911,0.01142121507204278
04001,0.005735548063481622,0.009394786612943015,0.0021790971137242003,0.04907080009867609,0.1715730614258696,0.05011923361565661,0.018481210426774114,0.2634446180412795,0.1966326782336979,0.22072609160430887,0.01264287476358852
04002,0.004738686874620611,0.009301141592747067,0.0019385537214357046,0.04842468033444947,0.19769331688499872,0.04983453758640271,0.016095870293132822,0.22808357320487968,0.20354814075074898,0.22931719830033875,0.011024300456245471
05001,0.005130003946156881,0.010194238610952778,0.0014469241899416846,0.05590388915683781,0.18097513921164554,0.05941158416275705,0.016815012934625333,0.22585171219362477,0.22370324900249924,0.20888323760249047,0.011685008988468453
05002,0.004284365696027885,0.007697334979304335,0.002396340135066444,0.0578026287125118,0.20308377508290368,0.05806888872751918,0.020380993876019656,0.19780698569457555,0.21165250647495945,0.22433616537167478,0.012490015249437223
06001,0.0031416062297383108,0.010627987032518967,0.0012365896861735903,0.03261923064068714,0.26854048995688645,0.04513552354533605,0.00820493967447612,0.23635573677350355,0.21023695732094516,0.17810233615186657,0.005798602987868053
06002,0.0037399052358673304,0.010325714456000239,0.002309503233304527,0.04824626754477456,0.23141222397711356,0.03798015317221444,0.011845516583723218,0.2979259170962839,0.18473045862264206,0.1638704294186012,0.007613910659474923
06003,0.0032487370162287824,0.010893700728730459,0.0014455389475880364,0.0385675752201839,0.24638242701518562,0.04130962848158801,0.008524209051756255,0.2687063171542256,0.1975172496013591,0.1772648018717494,0.006139814911404856
06004,0.003594721674503261,0.010784165023509783,0.0015774306082208403,0.044577582284240864,0.2511906567571667,0.030289701198240558,0.011072349461550128,0.3302290307902321,0.16053389959047473,0.14894585166085242,0.007204610951008645
06005,0.002702742402209198,0.010105906373477871,0.0012044830270714906,0.04271508100882798,0.24829976938556678,0.03456278734999045,0.01026748336491429,0.30552740198886585,0.18344864054994933,0.1555692651184653,0.005596439430661438
06006,0.0022369551474283123,0.0099852490638829,0.0016209819908900812,0.048434941887795624,0.2894749639331507,0.030182684670373314,0.007764503736363489,0.29642897667406914,0.18688301372971747,0.1217357475158451,0.005251981650483863
06007,0.0024845901105167404,0.010522171233062698,0.001778586363266082,0.0445596980476281,0.31030222391180384,0.03954978684117631,0.008377006001031851,0.22445488364515165,0.21810084991989573,0.13382844108941808,0.006041762837048904
06008,0.002583150159641889,0.009851268310683973,0.001700707558521989,0.03850658623068654,0.3311726859948337,0.028462784988849136,0.006465897604569448,0.26765286312513037,0.1768896304972163,0.13129141463571165,0.005423010894155021
06009,0.002717915728530074,0.009697651978128016,0.0014474107430041815,0.04631714377613381,0.29080090061112895,0.034512705049855257,0.0076551945963332264,0.27174332582824057,0.19329366355741395,0.13555805725313605,0.0062560308780958505
07001,0.006631299734748011,0.01154337361233913,0.0018338409143006844,0.04709041490650686,0.15057143792775976,0.06226872318826342,0.01856763925729443,0.2527098274224711,0.2120542292956086,0.22371221796509153,0.013016995775616465
07002,0.0070057955813734585,0.00914384068202294,0.0017749808382750414,0.061519222235669045,0.19043392902766013,0.058439899417752496,0.015746231527424798,0.22898597496201273,0.23115091371172697,0.1834953675689486,0.012303844447133809
07003,0.0063441069574247146,0.009735202492211837,0.002141744548286604,0.04126103322949117,0.17562305295950156,0.0599526220145379,0.020703530633437175,0.21295755451713397,0.20382268951194185,0.25264473001038423,0.014813733125649013
08001,0.00876447466270052,0.007914586210559864,0.0019122490173164772,0.05727894047239633,0.18647969120719574,0.04686780693367329,0.009207124898190446,0.3227451397004143,0.18796699599844188,0.16013314919083538,0.010729841708275789
08002,0.009017499518067127,0.007368218133527535,0.0020348276822241738,0.04692955212371752,0.14106710647503587,0.05566860153790134,0.008567695504101785,0.32295928202711677,0.1807569558977874,0.21352839120097672,0.01210186989954377
08003,0.010587102983638113,0.0066226683166047936,0.0014666116687290893,0.054631284660158576,0.18687840872633943,0.04555662495989734,0.011137082359411523,0.32705440212658693,0.1800494981438196,0.16405426463174297,0.011962051423071635
09001,0.006183274021352313,0.008451957295373666,0.0014012455516014236,0.03374110320284698,0.1168594306049822,0.08445284697508897,0.034897686832740214,0.20304715302491103,0.21743772241992881,0.2797153024911032,0.013812277580071175
09002,0.005761129924836871,0.008652019492855373,0.001589989262410176,0.03828363756504501,0.13725530684727844,0.0731395060708681,0.03584703064342942,0.22992896671347154,0.2013917568348889,0.2565457999504419,0.011604856694474272
10001,0.007699037620297462,0.007757363662875474,0.002041411490230388,0.06938854865364051,0.23793136968989986,0.035267813745504036,0.0075046174783707596,0.33234179060950714,0.17130358705161855,0.11962671332750073,0.00913774667055507
10002,0.0067221729338701975,0.007438749744079711,0.0016037671466593872,0.06290520712482085,0.23548078891694532,0.040793694124070155,0.00692690916535863,0.29551968880092816,0.200283218453559,0.13422166109329148,0.008104142496417116
10003,0.006213127927716038,0.0094470904137512,0.0017639795378373612,0.05838772270241665,0.21720468042570706,0.04586346798377139,0.007193116559847906,0.2828443190058995,0.19629172301601303,0.16612767291899413,0.008663099508045707
11001,0.00584958217270195,0.006844409072821329,0.0015519299641862316,0.037816686563204666,0.1419551664677013,0.0658575407879029,0.02001591723040191,0.2901180527921475,0.20339567581907414,0.21448467966573817,0.01211035946411991
11002,0.005451839627506741,0.008693474000618857,0.0015913477831641298,0.03856071433833822,0.15882534958079775,0.055888723532792076,0.016930172248662827,0.29825983172970666,0.19283304109508304,0.21212076561510013,0.010844740448229626
11003,0.005401147743895578,0.009522335996399236,0.0017300551367165522,0.03934117249915607,0.15189321480814674,0.06830201417801282,0.02790593001012715,0.25978958028581073,0.20522954877911556,0.21881681107235287,0.012068189490266681
12001,0.005497578827928979,0.006903936202515462,0.001917760056254295,0.05085260415834306,0.24131814041199878,0.059466543077685265,0.03415211033512857,0.14869032969491633,0.2684224825403928,0.17155961836574882,0.011218896329087626
12002,0.0068280793562608645,0.008315561210774387,0.0015950106632735353,0.04612985895804584,0.17939389594795604,0.06555673040735498,0.03458843348447105,0.1581927991541067,0.265847058191007,0.22054158676678792,0.013010985859961648
12003,0.006558788087450508,0.007023584093647788,0.001790325357204338,0.04816663797555517,0.1988982613186435,0.06023411946978826,0.04121191254949217,0.18001377173351696,0.24019624720261662,0.20051644000688587,0.015389912205198829
13001,0.0031168308867886587,0.00864669213754273,0.001357329579730545,0.03927877203565923,0.21294992961994771,0.039831758160734636,0.008143977478383269,0.29630002010858636,0.18930558348414772,0.19453381593940614,0.0065352905690729945
13002,0.0023167886734775964,0.00802831630600917,0.0013997264902260477,0.029925187032418952,0.3241251709436087,0.04810554259512509,0.007851339393451855,0.17654251468103935,0.2365215992277371,0.15976188560855925,0.005421929048346875
13003,0.0032489610880241785,0.01146581035134114,0.0014922553834529656,0.0325840574234983,0.1596146581035134,0.041707593502077825,0.007366830374008312,0.3100680015111447,0.18237627502833395,0.24363430298451078,0.0064412542500944464
13004,0.004748965753592323,0.012484394506866416,0.0019338571883185235,0.01645002570316516,0.10839391936549901,0.08675430222026388,0.006609385327164574,0.14361949523879464,0.21806075738660008,0.3909084232944114,0.010036474015323982
13005,0.0037337724505035804,0.008903611228123923,0.0016275418373989966,0.029889327155056867,0.20212154865392717,0.06963964308964883,0.008712135717841688,0.1959751847738674,0.22077126335541683,0.2506988856125302,0.007927086125684525
13006,0.003357899015605394,0.00782920665217468,0.0013785059116695826,0.03582348055069544,0.23022816040153404,0.044624710602124314,0.007334358376190729,0.2579750101620628,0.20613965325274375,0.19892900694554902,0.006380008129650248
13007,0.005954095841736291,0.012940555075386537,0.0022327859406511092,0.020095073465859984,0.07685105157015269,0.05128205128205128,0.005521943724190915,0.26082781138960914,0.1696917314894843,0.3863439930855661,0.00825890713531163
13008,0.004344048653344918,0.009952982061634384,0.0017759493023968927,0.050365411151428424,0.19719425563448664,0.040731844431951755,0.011090100679715848,0.2990110901006797,0.19115091736086268,0.18620636786426126,0.008177032759237491
13009,0.00362930897957029,0.00873673652536557,0.001676080874201552,0.04138731985429974,0.22115029298421582,0.03763923348994352,0.010188460117193687,0.280261838146017,0.17902391384680358,0.2088106424536768,0.007496172728712453
13010,0.003560636229473635,0.0076600529410386755,0.0015694909695706154,0.04413314905479163,0.1931996533064724,0.039225561620089486,0.010260254398088501,0.3096348005340954,0.19177071376701257,0.1920518166272342,0.006933870552132868
13011,0.0029464771004376806,0.007809594644849386,0.0015876648453814687,0.038876333781502986,0.24362788568813112,0.044154246645879226,0.00895385759647567,0.23001115656377835,0.22742226163572388,0.18793088651772177,0.006679634980118431
13012,0.003940831233902408,0.008416489563834428,0.0015341093017691516,0.044207681806026654,0.16589492055002744,0.03383485102250496,0.009598738934005152,0.37292930430254323,0.1609970303021773,0.19122883562511436,0.00741720735809489
13013,0.006262845081375326,0.009887241015386324,0.0015969560628784091,0.039896128423040605,0.11724434816419485,0.037618730211631396,0.010303838249180693,0.3211964672554574,0.1474476476142865,0.2988390823751597,0.009706715547408765
13014,0.00294071924551767,0.009016478391543166,0.0017747953155767438,0.037231837496113585,0.2451031194942481,0.05433205513524718,0.00904238781220852,0.18985127992538087,0.24757746916778942,0.19599181262306975,0.007138045393305006
13015,0.00445680464933861,0.007618164747269464,0.001901569983717807,0.04920312332869826,0.2235533212108247,0.03809082373634732,0.01350114688439643,0.3042155429576544,0.17936558871418215,0.17000035654437196,0.008093557243198915
13016,0.004678914835164835,0.00788404304029304,0.0018028846153846155,0.0404790521978022,0.16128663003663005,0.045200892857142856,0.012963598901098902,0.3252203525641026,0.1635473901098901,0.22714915293040294,0.009787087912087912
14001,0.00608415832879073,0.006365506690815734,0.0014419103553781499,0.03829854578065378,0.20192020257082066,0.09393518437109849,0.005574214422620408,0.12592097627881624,0.29274297068701755,0.21597003639944434,0.011746294114543952
14002,0.008207676813313003,0.007021705163682912,0.0017130701605767963,0.04024773630014495,0.1431448956156699,0.08970087159503774,0.006419306865458105,0.17298243632461738,0.2657894241448768,0.2505035673274223,0.014269309689200128
14003,0.009659502535619416,0.007711502857602834,0.0016421154310553006,0.056250503099090396,0.19727924011913386,0.05525235450374306,0.008355469693310795,0.2661997907107784,0.20455606536263382,0.17865249939628108,0.014440956290751027
14004,0.006782897673726502,0.007105302316353356,0.001686424284509697,0.04832349585834036,0.2596225385645553,0.05211795049848718,0.00752690838748078,0.207740191458757,0.23447497643966073,0.1631491493477506,0.011470165170378454
14005,0.006416333484467527,0.006375115068079085,0.0016899550719261366,0.052759572977206216,0.2201613014028001,0.06450682164791229,0.007501751782696508,0.20638061085693088,0.2573540524573046,0.16520341288487697,0.011651072365799707
14006,0.009239059009068209,0.007609409909317913,0.0020633460375870678,0.059561046129583385,0.184492048889473,0.06381916151925351,0.0076356945722171115,0.2248784334340912,0.24453936128269155,0.18074648442633723,0.015415954790379813
15001,0.007075853145722141,0.00628740093805596,0.0018599385411612486,0.043081837295811096,0.2155911369885169,0.058102862688015525,0.026645641274462235,0.17248908296943233,0.2889171923014718,0.1678190198932557,0.012130033964095099
15002,0.008123129542539546,0.005130397605814451,0.0025176951213719064,0.04550852691083559,0.25948886038667995,0.04598356372618878,0.03615030164837775,0.19246116574034489,0.24207876110398555,0.14880528240938673,0.013752315804474847
16001,0.006700827749310209,0.008971225857311785,0.002065431612140323,0.04167126527394561,0.16105636578636184,0.07722506897910919,0.013054789121009066,0.17948758376034687,0.27476547102877413,0.22306661411115492,0.011935356720536066
16002,0.00811941404380779,0.007301298180078107,0.002408039146072272,0.05421175308337064,0.19205655804763597,0.05561644258524613,0.01588379667505364,0.22922680332803358,0.239476405847213,0.18245527376009138,0.013244215303397497
16003,0.009886307464162136,0.007033401595932491,0.00230209730951204,0.05441706094202387,0.15658498693595085,0.057453569663159385,0.01734340795141586,0.23111362191935597,0.23936162700374267,0.20884118353223644,0.015662735682508297
17001,0.004749579071696027,0.007840574975498203,0.0016837132158922423,0.037029125725630135,0.2215716332018194,0.07481215289121203,0.010592315231322091,0.1304626441836504,0.2904782248134094,0.21087879777850377,0.00990123891136632
17002,0.006875505551878815,0.007561830526754418,0.0016790450278206732,0.05435448684952325,0.17795426134274578,0.06191631737627767,0.014020638772458759,0.20073779934799127,0.24949138417040467,0.21111846459298478,0.01429026644115989
17003,0.008439485412649746,0.008550115371242532,0.0021019692132629515,0.056721560198501754,0.18377216550241807,0.06013528463507918,0.01403420046148497,0.22467364162215128,0.22739197774757405,0.20022442077314537,0.013955179062490122
17004,0.0076704828982449135,0.008083947589785997,0.0018962346198263449,0.05985257845136087,0.21082422047648242,0.04623675843681832,0.01695205235318439,0.25679008825332555,0.21378976033305294,0.16415973994496644,0.013744136642951852
17005,0.006444254348445966,0.007653264898773881,0.0017792985457656116,0.05908183632734531,0.2294838893641289,0.04538351867693185,0.013892215568862276,0.24902195608782435,0.21139435414884516,0.16358140861134873,0.012284003421727972
18001,0.008508700009109957,0.008654459324041177,0.00205885032340348,0.05345722875102487,0.22098934135009565,0.05489660198597066,0.010822629133643073,0.21825635419513528,0.23064589596428897,0.1793932768515988,0.012316662111688075
18002,0.010378029327542136,0.008571483481636654,0.001672015836104011,0.05067937654949743,0.16470316914265948,0.05179405377356677,0.009801472142678685,0.2440950934983568,0.21995656602540695,0.2261065093306171,0.012242230891933966
18003,0.009473124002128791,0.00848475632935452,0.0022048201931118374,0.06056412985630655,0.18652778833726147,0.0524443092830533,0.012483843989964266,0.2596061734965407,0.21243822702045162,0.18371474188398085,0.012058085607846119
19001,0.00751215801342136,0.007063873719672888,0.002499524546961176,0.04798000380362431,0.16256418616024126,0.06510989757383107,0.032412312875268294,0.1690982693509387,0.26408020213546335,0.22403347189393322,0.017646099926644388
19002,0.0069166666666666664,0.007972222222222223,0.002013888888888889,0.04884722222222222,0.18694444444444444,0.06208333333333333,0.025930555555555554,0.1778472222222222,0.27469444444444446,0.19258333333333333,0.014166666666666666
21001,0.004687755509929684,0.009066627904864,0.0015262459799771063,0.04153569416937696,0.2547013827061795,0.07033450224394498,0.0073223467848901646,0.13966967676290495,0.2819376056107709,0.18155059323727674,0.0076675690898849866
21002,0.005494098930778053,0.008324392319360687,0.0017388730622664545,0.050945280994487405,0.19997040216064227,0.06341337082392985,0.008139405823374893,0.2190610085463761,0.24508860853157718,0.1880387731695586,0.009785785637648451
21003,0.005979100408905043,0.009177646524307134,0.0018537028623353022,0.05332121762835075,0.16626987732848705,0.06633348477964561,0.007505679236710586,0.2324216265333939,0.2419263970922308,0.20619718309859156,0.009014084507042254
21004,0.008841261671935887,0.00840011763840894,0.0019483861480773473,0.05880082346886258,0.2095434159252996,0.05019851481508713,0.012021174913609293,0.26452099110359534,0.20241158738328063,0.17053893096095876,0.012774795970884495
21005,0.0064563595141214096,0.008198075103977418,0.0018468191168300777,0.05716130388432606,0.228930496539091,0.04699629134697677,0.010885722436600052,0.2626537139081996,0.2154021711385715,0.15131904926352457,0.010149997747781565
22001,0.006869020579530594,0.006552412416546218,0.0017069309656548971,0.038103104136554475,0.16700392318810656,0.09320669006813959,0.007378346754766329,0.14312065524124165,0.3093399408080391,0.21321494941152178,0.013504026429898824
22002,0.007787641298022756,0.006821924253116914,0.0017209572979732322,0.044608698881996804,0.21567680669563818,0.07650212333940001,0.00891431118374624,0.17325954264631233,0.2696207703450581,0.1823595686463866,0.012727655412348797
22003,0.008588974025614782,0.006528173494509142,0.0016597051257226632,0.05109125612016265,0.1922076844347321,0.07071726923183315,0.009073054687283892,0.1903681779203895,0.2777239910375923,0.17764377195651573,0.014397941965644104
22004,0.01051536143642633,0.00621291665372309,0.0017706812463110808,0.040896523873132244,0.1415457736634463,0.09252586126557112,0.011866670808611103,0.17436550588673852,0.26179677549625674,0.23877791929421266,0.019726010375570813
22005,0.007093117790529156,0.0068339008613071605,0.0014610408737967032,0.03841123587562301,0.1926924391134781,0.09708852258132931,0.010345111993496012,0.14518504553970144,0.2802488482520531,0.2071143264483746,0.013526410670311413
23001,0.009736516206175001,0.008256110233306288,0.0024768330699918863,0.05012028298529558,0.17988356037636474,0.078205292451353,0.019245277647293276,0.19880144054888899,0.22500747320322842,0.211057493843504,0.017209719434598796
24001,0.006122689273519369,0.00846074918840726,0.0017661603673613563,0.04361575078636188,0.15828161006543204,0.0672318379842223,0.02025197221241022,0.20151048762846713,0.22870935728583203,0.25008830801836807,0.01396107718961834
24002,0.005964091521695351,0.008473657304850278,0.002029340232057379,0.04651991386922374,0.1757470605548929,0.055923039982649914,0.026799683980605084,0.2381608910507645,0.2197264263473425,0.20702368596347187,0.013632209192446516
24003,0.007949713440562027,0.007413569975965983,0.0021445738583841744,0.04849325198742836,0.17846182288777962,0.06088001479016454,0.02431133296357922,0.21556664817896098,0.2149195784803106,0.22420040672952488,0.01565908670733962
24004,0.0063300101959895775,0.00958706242211397,0.0019542313356746346,0.04538631471621162,0.17137759148068427,0.06914863487028436,0.025504135040217514,0.18451908915826443,0.23421037725161437,0.23752407386428004,0.014458479664665232
25001,0.006393972384951699,0.009677363609656627,0.0015898525930150172,0.04524167487514473,0.18606459640209447,0.07226916895640002,0.007378989752363178,0.19897350821711857,0.24910570791642905,0.21243541223840876,0.01086975305441789
25002,0.006168921008512785,0.009635887168969839,0.0023275876100721064,0.043605644806875336,0.21083386233051743,0.06925793902697072,0.008187248726337549,0.18251216693523448,0.2518514901443755,0.20429057408402104,0.01132867815811319
25003,0.00825917408259174,0.01121887811218878,0.0015398460153984602,0.0532946705329467,0.20685931406859315,0.048775122487751225,0.009339066093390662,0.2826917308269173,0.2018998100189981,0.16244375562443755,0.013678632136786321
25004,0.010219066202651325,0.013075576834101104,0.0017098831244593752,0.0514373076381485,0.15915994447908913,0.055219166784011585,0.00862988071050673,0.31483977389310214,0.19450423447526705,0.17865261209792602,0.01255255376073706
25005,0.005847235224604429,0.011755858745530165,0.0020411608526834358,0.06467257017449624,0.27552602096410317,0.0413910587946408,0.01083503430071057,0.2167160330882917,0.2194785064227505,0.13743304838932457,0.014303473042864378
26001,0.005778227777389847,0.01108511975420711,0.0014663780462258222,0.04699392500523707,0.20120801619998605,0.06881502688359752,0.009653655470986663,0.19590112422316877,0.24401228964457788,0.20452482368549682,0.010561413309126457
26002,0.005818100446147606,0.010195661599138473,0.001846128026181452,0.05471252150319576,0.17938210654396441,0.04925805233493238,0.012797023817848701,0.2833806520188529,0.2073397574859093,0.18514426371659137,0.010125732507237662
26003,0.0062918682545589875,0.010129791589132861,0.0019073315965761073,0.0485090249348716,0.1809290100483811,0.06595413100111648,0.01767770748046148,0.21200455898771864,0.21647050614067734,0.22728647190174917,0.012839598064756234
26004,0.012275080774898271,0.010179665003852862,0.002068378148193211,0.05707642184099174,0.18242284138378553,0.05745494856092252,0.011896554054967487,0.2606832407294751,0.2135701829095186,0.18235524732665503,0.010017439266739668
27001,0.007973105643649779,0.008999494243298723,0.0016808972718888526,0.05774551512807545,0.20102341356022968,0.04807663701544045,0.007973105643649779,0.2921786213667331,0.19874750840448635,0.16508493737542024,0.010516764347127599
27002,0.008369136413729217,0.007682356135503346,0.001996454297168229,0.05497436552682436,0.1917234990656594,0.05114117327626136,0.0072511220073150084,0.2881921707048282,0.20533133155515804,0.1712318921595247,0.012106498858028142
27003,0.008136215032766757,0.007692421485524934,0.0017751741889672924,0.05974940457699078,0.2004763384073729,0.04520776934570038,0.00818059438749094,0.30191275018861224,0.18952943090874125,0.16516516516516516,0.012174736312667347
27004,0.007111339587885019,0.009253309343272073,0.0015850576189864198,0.057890302588927446,0.1615759185480301,0.05613388738951006,0.006968541604192548,0.28232589355838295,0.20494366619543333,0.19976009938739664,0.012451984177983407
27005,0.007574664550569903,0.009709998557206752,0.001918915019477709,0.05308036358389843,0.18829894676092915,0.05162314240369355,0.0082383494445246,0.300836820083682,0.19629202135334006,0.17127398643774347,0.011152791804934352
28001,0.006270215059864949,0.010639505192078534,0.0017874368722691936,0.05833286046643591,0.22578448618282926,0.05935425296487545,0.0083271860636668,0.20129943823412585,0.2512909266299722,0.16705441752255576,0.009859274811326108
28002,0.007183908045977011,0.01136853448275862,0.0019216954022988507,0.05563936781609195,0.1997485632183908,0.05592672413793103,0.007327586206896552,0.26451149425287357,0.19841954022988506,0.18780531609195403,0.01014727011494253
28003,0.00845085780750218,0.007941988950276244,0.002035475428903751,0.061627653387612676,0.21643282931084618,0.051195841814480954,0.00845085780750218,0.26070441988950277,0.21710526315789475,0.1542236115149753,0.011831200930503053
28004,0.009517944124069201,0.008080921187690125,0.0020342272735755745,0.06535654965194185,0.23007297090495119,0.04109512345333408,0.008995390329022265,0.2915663550006532,0.1927850251012448,0.13653584159154955,0.013959651381968162
29001,0.005991882849777875,0.006759721384303186,0.0014122744474304831,0.039996160807327374,0.18536444907585148,0.10763450885756595,0.009337465035923875,0.12009817364120003,0.327181484122196,0.18215598091372787,0.014067898864695881
29002,0.0046695342181459105,0.007096353077038946,0.001422617951764883,0.03444409111449564,0.16239602336440778,0.13434534469196138,0.0068285661684714385,0.125592060118161,0.2939798155617667,0.2178279134378818,0.011397680295904534
29003,0.006309972230623299,0.007272277363833824,0.0013609744026834565,0.04636936020455858,0.181243298232108,0.11375821396167277,0.010310412141541337,0.1450193835748261,0.28888400098979955,0.18708586511231476,0.012386241786038327
29004,0.006911066662686211,0.005702003164462489,0.0018956921515359585,0.03655551243394931,0.1891960474072305,0.10926351613577336,0.01118010568110577,0.12571275039555782,0.29035436009194854,0.20875003731677463,0.01447890855897543
29005,0.005930119370869409,0.005225677544956196,0.0015753880834059122,0.04471284389569138,0.19392643065730827,0.10857369742302372,0.0098749935959834,0.13748142835186228,0.30185972642041087,0.1781469337568523,0.012692760899636252
29006,0.007351926949708957,0.0070208833347126815,0.0014896962674832408,0.04267703936660322,0.1744186046511628,0.10513393472923391,0.014331429832547106,0.14899721371624045,0.2785594085354079,0.2011917570139866,0.018828105602913182
29007,0.007509734841461153,0.006242660238580876,0.001560665059645219,0.04017553618888683,0.17752951356696953,0.09816737746461462,0.013566969528401014,0.13874466901539032,0.29725261140985226,0.20345818653810496,0.015792076148093206
29008,0.007455704765605884,0.007887502338903523,0.0015976510212012609,0.039653410481166426,0.16709126761374268,0.09869453200339681,0.013184219238021216,0.16720641363328873,0.2763648401629316,0.20223959008017042,0.018624868661571457
2A001,0.0026043952828256225,0.0066134082462763,0.0014924062856641208,0.0292043426096626,0.23743891376232698,0.03918298071576976,0.05870131390278875,0.28455213179995903,0.1931641939542914,0.13800368712141164,0.00904222631902379
2A002,0.0033338502093347806,0.006693544218741924,0.0017056908047759342,0.031529436088282424,0.27394428076704397,0.031193466687341707,0.050188659740528246,0.2877190262056133,0.16594304026464052,0.138755362588515,0.008993642425182198
2B001,0.0033660589060308557,0.006043605763100854,0.004411577202601045,0.0276169832972077,0.2496493688639551,0.0402142037485656,0.050286880020400354,0.28489098559224785,0.18133367333928344,0.1434655106464363,0.008721152620170853
2B002,0.0034284633390868464,0.005792920814319155,0.001465963634644031,0.027451351287447096,0.25758399735180765,0.039179060364599345,0.0673161043198638,0.26035041259782943,0.19849620504575224,0.12992693826401533,0.009008582980635093
30001,0.004418940068125326,0.011124067879829379,0.001472980022708442,0.039417559149354034,0.1818056280111701,0.04716604781047657,0.010679105164636205,0.2877681283947586,0.19075091294074323,0.21718783563997912,0.008208794918218921
30002,0.004111530527763355,0.008615971822684984,0.001543578013836072,0.045507486353367106,0.1801215216872711,0.040666264400881245,0.012881860151831947,0.33536337229698443,0.1746348034744538,0.18838668032499334,0.008166930945932672
30003,0.00518669418607768,0.010480606856622082,0.0016886911303508724,0.04728335164982443,0.18808802637574717,0.04827512263114161,0.014340472297424077,0.29340338274318495,0.19659849358029324,0.18543436888519582,0.009220789664138097
30004,0.005702840292653073,0.00934709433332406,0.0016134865218237961,0.04325813002475867,0.1515425487523298,0.04597045650541074,0.01594013408629371,0.3077169165716193,0.1803905750132139,0.2281692491723927,0.01034856872618021
30005,0.005858083626457909,0.009600380841554046,0.001613287138663352,0.037224617174896196,0.14396604162809765,0.05487821004469599,0.018023855491788105,0.26521382666419824,0.1856734812620666,0.2654254053053344,0.012522810822247495
30006,0.004362875311921436,0.009289221605087338,0.0016582146019479998,0.04094019158013362,0.19101666264187395,0.055445544554455446,0.012122675682202367,0.2664090799323835,0.20043467761410289,0.20949851082669244,0.008822345649199067
31001,0.003681155316437774,0.00887252819859361,0.0016989947614328188,0.03058190570579074,0.1637799487155285,0.09671684993786084,0.015149369956109302,0.11178756272908899,0.2894583667626284,0.2683939780074567,0.009879339909072317
31002,0.004178184273212489,0.008725781180337058,0.0016305109358878004,0.03734889112517993,0.17235010127001515,0.08510502783333121,0.015540807357680599,0.1413321783880871,0.2756709934652179,0.24885673158987553,0.009260792581175242
31003,0.0032721064778223896,0.0074452277828712336,0.0016123423224052354,0.030239322183933482,0.2508773039107205,0.08430021181752079,0.013610066074420663,0.1008030097056685,0.2919129967437008,0.2084821851980652,0.0074452277828712336
31004,0.00365013370810642,0.009252210575628037,0.001756748843473678,0.02389178427124202,0.1676719173937655,0.10952353067478675,0.01165310066170873,0.09152661474497863,0.26712342136596984,0.30391754992094633,0.010032987839394117
31005,0.00502854036422941,0.008475623316612715,0.0019274012206874397,0.05084138476364625,0.15488398527267785,0.06546986582322271,0.019768217648076306,0.2257777558130915,0.23928191949393363,0.21809286120240184,0.010452445081420346
31006,0.004484353860254004,0.008226770828787151,0.0017675555361585126,0.04290140968009427,0.14871470344346005,0.0796272858202767,0.017042726836293806,0.17404966612839873,0.29001003796971153,0.22398856544319817,0.009186924453367084
31007,0.005464413164155432,0.007756740681998414,0.0018462529738302934,0.04494201030927835,0.14255798969072164,0.07544855273592387,0.02153548770816812,0.23365632434575734,0.2300505551149881,0.22620935765265662,0.010532315622521809
31008,0.005561635210697528,0.007885229436191105,0.0018738663108819164,0.040565457897971724,0.14580178991710016,0.07532942569745305,0.04773112267078418,0.23564243632602275,0.21306609501251741,0.2146551336441453,0.011887807876234878
31009,0.004607237133347543,0.009230870128379597,0.002016690987194832,0.033381974389664046,0.14129953599711434,0.09703070944893509,0.016133527897558658,0.15159613713498712,0.25789050843567085,0.27576199767178766,0.0110508107753603
31010,0.003689310836735698,0.007489300998573466,0.0017954646072113729,0.04151704461606572,0.17387721973535344,0.08298489842097496,0.021262728122386738,0.15728761867283192,0.28743420729007824,0.21331595258005803,0.009346254119730434
32001,0.005716469747577978,0.008923675158283064,0.0015288233045848082,0.0433055818668262,0.16797115176894828,0.08479984047061169,0.043721022982202505,0.18618409026704555,0.2413712880336341,0.20585938149126742,0.010618674909018395
32002,0.005691723925751205,0.008546132020647456,0.0016408573479643114,0.04737975592246949,0.19150172631866816,0.07561617611868868,0.041500017092264044,0.20823505281509588,0.22647249854715756,0.18290431750589684,0.01051174238539637
33001,0.0031660619895914014,0.00904977375565611,0.001562648621472151,0.02873914638620521,0.2482573070808365,0.08000760941937413,0.013384425149131032,0.09670756729580259,0.31445925563572624,0.1926270161564279,0.012039188509776744
33002,0.0022938954695564478,0.007989084221558663,0.0012853724613893888,0.020368209772785698,0.20999031026913723,0.11200537878937689,0.011153077972671004,0.060017006466412226,0.3187328205026795,0.24410211789831715,0.012062726176115802
33003,0.003990971245379306,0.009781150839085349,0.001995485622689653,0.031437076777127156,0.12020347410775623,0.10711832248356178,0.016765350518499134,0.1134319081422356,0.28371880009159606,0.2958879911020969,0.01566946906997285
33004,0.005681491283585524,0.010356136010586272,0.0019561590242218514,0.042546458776825266,0.12197226856912721,0.08305045739600714,0.016857488061676543,0.19840630573614867,0.2463753523962948,0.25478971290489616,0.018008169840630573
33005,0.005337447854163095,0.007337562146408366,0.0014400822904165951,0.04844848277044402,0.15008857649008514,0.061523515629464544,0.020126864392250986,0.2414195096862678,0.2342190982341848,0.20949768558203327,0.02056117492428139
33006,0.003926749160717965,0.008314042976088037,0.001684623868332707,0.04352146986462411,0.16306916653537104,0.08398880149313424,0.015343408757620197,0.1401752493606913,0.3105767715819709,0.21500163614548362,0.01439808025596587
33007,0.003732324893127261,0.008040118382111147,0.0017428477474514962,0.04005261427162118,0.15554094048010522,0.09312726076948372,0.017165406116409074,0.11772443275238409,0.31540611640907595,0.23373890167707992,0.013729036501150937
33008,0.004068433131650323,0.0078007279133922155,0.002016830099450588,0.0475577810232515,0.24601849920022253,0.05127848482741034,0.021872174699214132,0.1887938428727079,0.24679509469828687,0.170735099798317,0.013063031736096622
33009,0.006180012676949081,0.008332452989647158,0.0020467990703570676,0.046191633213606594,0.14921825480667653,0.0721133530530319,0.026648003380519755,0.20699080921191634,0.2392377984365096,0.22728713289668287,0.015753750264103104
33010,0.004629046479405467,0.007242725784103792,0.0019996221186547422,0.044999370197757904,0.17806083889658647,0.06074442625015745,0.022405214762564556,0.25209409245496917,0.22301297392618719,0.18930280891799975,0.015508880211613554
33011,0.006954642431631155,0.0076888975090742846,0.0019395417140007204,0.052727826882048155,0.13258153002133496,0.056440663877420964,0.020739242470421988,0.30781912388130006,0.19407885622454352,0.20059017483583164,0.018439500152392565
33012,0.005320962219686078,0.0077220649483466484,0.0018082378573863551,0.044079503179237874,0.1647275044835406,0.06863893047177222,0.026930886777631207,0.2133720671715899,0.23215106196920066,0.21940446723680504,0.01584431368480339
34001,0.003282693335369112,0.01110008397587602,0.0014352240629055652,0.03536147797541797,0.19088480036644018,0.057699060997022676,0.011084815634781281,0.22137567753263607,0.2284754561416902,0.23172761279486984,0.007573097182991068
34002,0.0035013360361190455,0.011563622961393164,0.0014742467520501245,0.020386068368193126,0.15891919284990325,0.09495070487422833,0.006841426333732609,0.1097853128167327,0.24580761079885746,0.33709573389846126,0.009674744310328942
34003,0.0029162095051105848,0.00999018305711151,0.0013570479875267079,0.03832938730727031,0.20803256915170065,0.06619218109372293,0.011015187388115725,0.19010221169948605,0.25115493445746956,0.21305653404169314,0.007853554310792862
34004,0.004422198998954953,0.01004345195533799,0.0012430559375171883,0.04089984049282218,0.16424839117760298,0.05729057807601342,0.015719707386832406,0.2515923216544744,0.20694131235905616,0.23788570485671856,0.00971343710466971
34005,0.005481827275758586,0.008682894298099366,0.0016538846282094031,0.03970656885628543,0.14591530510170056,0.05591197065688563,0.021180393464488162,0.2971523841280427,0.17507169056352118,0.23703901300433478,0.012204068022674226
34006,0.0040893046747209226,0.007231612477401211,0.0013917984331506298,0.037191149883777655,0.1822968978678222,0.04327488736476598,0.015094556202829512,0.340431027061153,0.17010072603093523,0.19125032283984275,0.007647717163600884
34007,0.004542146603427941,0.007390398755301262,0.001392757660167131,0.03879645662375467,0.18721925267886272,0.04444277146227007,0.012597555773043239,0.3210494617179854,0.16999171873823685,0.20358101834424955,0.008996461642701197
34008,0.0037727666955767562,0.009916160740098294,0.0015900549291702805,0.038320323793003756,0.1584272911246025,0.0595114194854004,0.012156692685747325,0.2601329864122579,0.2083983810349812,0.23889852558542932,0.008875397513732293
34009,0.00320787330457667,0.010199791332513197,0.001354781444165875,0.035395611753896945,0.18797203232788826,0.05635579363719887,0.011850444586324494,0.2526900976376972,0.21537910522135884,0.21721662488126198,0.00837784387311771
35001,0.006167167836061922,0.007030292905668783,0.0018097783717563203,0.036710658202472435,0.15207706871589263,0.1161599287225749,0.005791290789620225,0.09991368749303932,0.335282325425994,0.22882559305045105,0.010232208486468426
35002,0.005380089797182227,0.0059348712390979,0.0017288537957372142,0.03344170924291686,0.19226402435877588,0.10542137585797595,0.006412241317025339,0.09076482427620375,0.3501703050007741,0.19892140166176395,0.009560303452546834
35003,0.007851785262803045,0.00653144927943366,0.001727673680366323,0.04713880383178358,0.1702250189622721,0.08676292946034778,0.00820293844986937,0.16039272972441498,0.29758125684748715,0.20116863780655672,0.012416776694665281
35004,0.008327634066862453,0.007053680385136313,0.0019712756969867645,0.054967748856794195,0.16289174075713078,0.08004452132866664,0.008542194686942645,0.18941679741454454,0.2697429295570664,0.202236794464336,0.01480468278553325
35005,0.009047303810552477,0.006596750403586402,0.0016608015980860132,0.05770995203419161,0.21519575392262755,0.06747732367048767,0.007792992114095908,0.1537809367850133,0.2947167926785362,0.17342020603231015,0.012601186950512757
35006,0.009460724716667365,0.006805573023658799,0.001914504115485124,0.055702287622800765,0.20140024315599714,0.07080870330776003,0.009502648164451712,0.19103117707066897,0.26805852513310696,0.1714948504031638,0.013820763286239327
35007,0.006808154571732846,0.006934935848673868,0.0013438815355748264,0.04153354632587859,0.24561336781784066,0.06870277397433946,0.008329529895025103,0.16170951873827275,0.2783609716517065,0.16974745169633348,0.010915867944621939
35008,0.0045057022986468125,0.006426165573479879,0.0014920522366010755,0.02817171896235892,0.171778053536607,0.1249926136027891,0.005746617030077409,0.07717307805944572,0.3299208178218992,0.23995449979318087,0.009838681084914022
36001,0.009703432630690003,0.00847808448278717,0.0021857561557185675,0.05212697256213674,0.1971485817423126,0.05803844943783014,0.012435627825338212,0.2350515805335232,0.21632362438111638,0.19574108724809988,0.012766803000447087
